function [x, y] = capE ()
x = [
          428 428 428 428 ;
          428 428 726 726 ;
          726 803.333 855 881 ;
          881 915.667 935 939 ;
          939 939 976 976 ;
          976 976 976 976 ;
          976 976 939 939 ;
          939 929.667 920.333 911 ;
          911 899 879.333 852 ;
          852 824.667 782.667 726 ;
          726 726 428 428 ;
          428 428 428 428 ;
          428 428 430.667 436 ;
          436 441.333 450.667 464 ;
          464 477.333 502.667 540 ;
          540 540 770 770 ;
          770 846.667 902.333 937 ;
          937 971.667 1005 1037 ;
          1037 1078.33 1120.67 1164 ;
          1164 1164 1204 1204 ;
          1204 1204 1087 1087 ;
          1087 1087 42 42 ;
          42 42 42 42 ;
          42 42 90 90 ;
          90 122 152.333 181 ;
          181 202.333 216.833 224.5 ;
          224.5 232.167 236 236 ;
          236 236 236 236 ;
          236 236 227.333 210 ;
          210 186 146 90 ;
          90 90 42 42 ;
          42 42 42 42 ;
          42 42 1087 1087 ;
          1087 1087 1102 1102 ;
          1102 1102 1063 1063 ;
          1063 1049 1033.5 1016.5 ;
          1016.5 999.5 974.333 941 ;
          941 914.333 867.333 800 ;
          800 800 428 428 ;
];
y = [
          1282 1282 746 746 ;
          746 746 746 746 ;
          746 746 757.667 781 ;
          781 811.667 865.667 943 ;
          943 943 943 943 ;
          943 943 471 471 ;
          471 471 471 471 ;
          471 537 579.333 598 ;
          598 621.333 639.667 653 ;
          653 666.333 673 673 ;
          673 673 673 673 ;
          673 673 226 226 ;
          226 166 129.5 116.5 ;
          116.5 103.5 93.1667 85.5 ;
          85.5 77.8333 74 74 ;
          74 74 74 74 ;
          74 74 79.3333 90 ;
          90 100.667 121.667 153 ;
          153 194.333 256.667 340 ;
          340 340 340 340 ;
          340 340 0 0 ;
          0 0 0 0 ;
          0 0 37 37 ;
          37 37 37 37 ;
          37 37 44.6667 60 ;
          60 70.6667 86.6667 108 ;
          108 129.333 173 239 ;
          239 239 1120 1120 ;
          1120 1206 1259 1279 ;
          1279 1305.67 1319 1319 ;
          1319 1319 1319 1319 ;
          1319 1319 1356 1356 ;
          1356 1356 1356 1356 ;
          1356 1356 1059 1059 ;
          1059 1059 1059 1059 ;
          1059 1130.33 1179.33 1206 ;
          1206 1232.67 1253 1267 ;
          1267 1277 1282 1282 ;
          1282 1282 1282 1282 ;
];
end
