function [x, y] = d ()
x = [
          711 666.333 622.667 580 ;
          580 537.333 491.333 442 ;
          442 342 254.667 180 ;
          180 105.333 68 68 ;
          68 68 109.333 192 ;
          192 274.667 381 511 ;
          511 591.667 658.333 711 ;
          711 711 711 711 ;
          711 711 708.5 703.5 ;
          703.5 698.5 690.667 680 ;
          680 669.333 656 640 ;
          640 622.667 599.667 571 ;
          571 571 558 558 ;
          558 558 831 831 ;
          831 831 876 876 ;
          876 876 876 876 ;
          876 876 878.5 883.5 ;
          883.5 888.5 896.5 907.5 ;
          907.5 918.5 931.333 946 ;
          946 964 988 1018 ;
          1018 1018 1029 1029 ;
          1029 1029 757 757 ;
          757 757 711 711 ;
          711 711 711 711 ;
          711 711 711 711 ;
          711 707 695 675 ;
          675 655 628.5 595.5 ;
          595.5 562.5 530.333 499 ;
          499 440.333 388 342 ;
          342 281.333 251 251 ;
          251 251 280.333 339 ;
          339 397.667 463 535 ;
          535 595.667 654.333 711 ;
];
y = [
          103 56.3333 22.8333 2.5 ;
          2.5 -17.8333 -28 -28 ;
          -28 -28 13.8333 97.5 ;
          97.5 181.167 288.667 420 ;
          420 551.333 671.5 780.5 ;
          780.5 889.5 944 944 ;
          944 944 918.333 867 ;
          867 867 1036 1036 ;
          1036 1140.67 1205 1229 ;
          1229 1253 1269.33 1278 ;
          1278 1286.67 1291 1291 ;
          1291 1291 1285.67 1275 ;
          1275 1275 1310 1310 ;
          1310 1310 1422 1422 ;
          1422 1422 1422 1422 ;
          1422 1422 363 363 ;
          363 255.667 190.167 166.5 ;
          166.5 142.833 126.333 117 ;
          117 107.667 103 103 ;
          103 103 108.667 120 ;
          120 120 85 85 ;
          85 85 -28 -28 ;
          -28 -28 -28 -28 ;
          -28 -28 103 103 ;
          173 173 645 645 ;
          645 690.333 731.667 769 ;
          769 806.333 834.5 853.5 ;
          853.5 872.5 882 882 ;
          882 882 855.667 803 ;
          803 733.667 632.333 499 ;
          499 364.333 261.167 189.5 ;
          189.5 117.833 82 82 ;
          82 82 112.333 173 ;
];
end
