function [x, y] = l ()
x = [
          379 379 379 379 ;
          379 379 383.167 391.5 ;
          391.5 399.833 412.667 430 ;
          430 447.333 479.667 527 ;
          527 527 527 527 ;
          527 527 78 78 ;
          78 78 78 78 ;
          78 120 148.667 164 ;
          164 179.333 191.333 200 ;
          200 208.667 213 213 ;
          213 213 213 213 ;
          213 213 210.667 206 ;
          206 201.333 193.833 183.5 ;
          183.5 173.167 160 144 ;
          144 126.667 104.667 78 ;
          78 78 61 61 ;
          61 61 334 334 ;
          334 334 379 379 ;
];
y = [
          1422 1422 207 207 ;
          207 149.667 111.667 93 ;
          93 74.3333 60.1667 50.5 ;
          50.5 40.8333 36 36 ;
          36 36 0 0 ;
          0 0 0 0 ;
          0 0 36 36 ;
          36 36 40.3333 49 ;
          49 57.6667 72 92 ;
          92 112 150.333 207 ;
          207 207 1039 1039 ;
          1039 1142.33 1205.83 1229.5 ;
          1229.5 1253.17 1269.33 1278 ;
          1278 1286.67 1291 1291 ;
          1291 1291 1285.67 1275 ;
          1275 1275 1310 1310 ;
          1310 1310 1422 1422 ;
          1422 1422 1422 1422 ;
];
end
