function [x, y] = n ()
x = [
          331 438.333 540.667 638 ;
          638 688 731 767 ;
          767 803 831.667 853 ;
          853 867.667 875 875 ;
          875 875 875 875 ;
          875 875 879.667 889 ;
          889 896.333 908.167 924.5 ;
          924.5 940.833 971 1015 ;
          1015 1015 1015 1015 ;
          1015 1015 562 562 ;
          562 562 562 562 ;
          562 562 581 581 ;
          581 623.667 653.5 670.5 ;
          670.5 687.5 699.333 706 ;
          706 708.667 710 710 ;
          710 710 710 710 ;
          710 710 699.167 677.5 ;
          677.5 655.833 619.333 568 ;
          568 488.667 409.667 331 ;
          331 331 331 331 ;
          331 331 334.667 342 ;
          342 351.333 364.167 380.5 ;
          380.5 396.833 430 480 ;
          480 480 480 480 ;
          480 480 27 27 ;
          27 27 27 27 ;
          27 27 47 47 ;
          47 93.6667 125.167 141.5 ;
          141.5 157.833 166 166 ;
          166 166 166 166 ;
          166 166 163.5 158.5 ;
          158.5 153.5 145.833 135.5 ;
          135.5 125.167 111.333 94 ;
          94 75.3333 53 27 ;
          27 27 12 12 ;
          12 12 288 288 ;
          288 288 331 331 ;
          331 331 331 331 ;
];
y = [
          749 878.333 943 943 ;
          943 943 930.5 905.5 ;
          905.5 880.5 839.333 782 ;
          782 742 680.667 598 ;
          598 598 207 207 ;
          207 149 109.667 89 ;
          89 72.3333 59.3333 50 ;
          50 40.6667 36 36 ;
          36 36 0 0 ;
          0 0 0 0 ;
          0 0 36 36 ;
          36 36 36 36 ;
          36 36 42.5 55.5 ;
          55.5 68.5 87.6667 113 ;
          113 123 154.333 207 ;
          207 207 582 582 ;
          582 665.333 725.833 763.5 ;
          763.5 801.167 820 820 ;
          820 820 776.667 690 ;
          690 690 207 207 ;
          207 145 106.667 92 ;
          92 72.6667 58.5 49.5 ;
          49.5 40.5 36 36 ;
          36 36 0 0 ;
          0 0 0 0 ;
          0 0 36 36 ;
          36 36 36 36 ;
          36 36 47.8333 71.5 ;
          71.5 95.1667 140.333 207 ;
          207 207 547 547 ;
          547 657 724 748 ;
          748 772 788.333 797 ;
          797 805.667 810 810 ;
          810 810 805 795 ;
          795 795 831 831 ;
          831 831 943 943 ;
          943 943 943 943 ;
          943 943 749 749 ;
];
end
