function [x, y] = u ()
x = [
          867 867 867 867 ;
          867 867 869.5 874.5 ;
          874.5 879.5 887.5 898.5 ;
          898.5 909.5 922.333 937 ;
          937 957.667 981 1007 ;
          1007 1007 1021 1021 ;
          1021 1021 747 747 ;
          747 747 702 702 ;
          702 702 702 702 ;
          702 623.333 563.333 522 ;
          522 480.667 437 391 ;
          391 339.667 295.167 257.5 ;
          257.5 219.833 193.667 179 ;
          179 164.333 157 157 ;
          157 157 157 157 ;
          157 157 152.333 143 ;
          143 133.667 119.833 101.5 ;
          101.5 83.1667 50 2 ;
          2 2 2 2 ;
          2 2 323 323 ;
          323 323 323 323 ;
          323 323 337.833 367.5 ;
          367.5 397.167 433 475 ;
          475 503.667 536.167 572.5 ;
          572.5 608.833 652 702 ;
          702 702 702 702 ;
          702 702 692.5 673.5 ;
          673.5 654.5 615 555 ;
          555 555 555 555 ;
          555 555 867 867 ;
];
y = [
          916 916 361 361 ;
          361 255 190.167 166.5 ;
          166.5 142.833 126.333 117 ;
          117 107.667 103 103 ;
          103 103 108.667 120 ;
          120 120 85 85 ;
          85 85 -28 -28 ;
          -28 -28 -28 -28 ;
          -28 -28 166 166 ;
          166 80.6667 27 5 ;
          5 -17 -28 -28 ;
          -28 -28 -13.1667 16.5 ;
          16.5 46.1667 84.3333 131 ;
          131 177.667 243.667 329 ;
          329 329 738 738 ;
          738 781.333 811.333 828 ;
          828 844.667 857.5 866.5 ;
          866.5 875.5 879.667 879 ;
          879 879 916 916 ;
          916 916 916 916 ;
          916 916 303 303 ;
          303 217.667 161.667 135 ;
          135 108.333 95 95 ;
          95 95 104 122 ;
          122 140 174.333 225 ;
          225 225 744 744 ;
          744 796 831.167 849.5 ;
          849.5 867.833 877.667 879 ;
          879 879 916 916 ;
          916 916 916 916 ;
];
end
