function [x, y] = a ()
x = [
          583 489 430 406 ;
          406 370 331.667 291 ;
          291 227.667 175.5 134.5 ;
          134.5 93.5 73 73 ;
          73 73 83 103 ;
          103 130.333 177.833 245.5 ;
          245.5 313.167 425.667 583 ;
          583 583 583 583 ;
          583 583 568.5 539.5 ;
          539.5 510.5 468.333 413 ;
          413 371 337.667 313 ;
          313 287.667 275 275 ;
          275 275 277 277 ;
          277 277 269.167 253.5 ;
          253.5 237.833 217.333 192 ;
          192 167.333 147.167 131.5 ;
          131.5 115.833 108 108 ;
          108 108 137.333 196 ;
          196 254.667 337 443 ;
          443 524.333 591 643 ;
          643 682.333 711.333 730 ;
          730 742 748 748 ;
          748 748 748 748 ;
          748 748 749.667 753 ;
          753 756.333 761.833 769.5 ;
          769.5 777.167 786 796 ;
          796 806.667 816 824 ;
          824 838 865 905 ;
          905 905 905 905 ;
          905 830.333 759 691 ;
          691 658.333 632.333 613 ;
          613 593.667 583.667 583 ;
          583 583 583 583 ;
          583 482.333 417.333 388 ;
          388 335.333 297.667 275 ;
          275 252.333 241 241 ;
          241 241 255.333 284 ;
          284 312.667 345.667 383 ;
          383 433.667 500.333 583 ;
];
y = [
          132 59.3333 17.3333 6 ;
          6 -10.6667 -19 -19 ;
          -19 -19 2.66667 46 ;
          46 89.3333 146.333 217 ;
          217 261.667 300.333 333 ;
          333 378.333 421 461 ;
          461 501 549.667 607 ;
          607 607 643 643 ;
          643 734.333 797 831 ;
          831 865 882 882 ;
          882 882 870.667 848 ;
          848 825.333 799.333 770 ;
          770 770 712 712 ;
          712 681.333 657.667 641 ;
          641 624.333 616 616 ;
          616 616 624.667 642 ;
          642 659.333 683 713 ;
          713 770.333 823 871 ;
          871 919 943 943 ;
          943 943 929.333 902 ;
          902 881.333 849 805 ;
          805 776.333 717.667 629 ;
          629 629 318 318 ;
          318 230.667 177.167 157.5 ;
          157.5 137.833 124.667 118 ;
          118 111.333 108 108 ;
          108 108 110.333 115 ;
          115 123.667 148 188 ;
          188 188 132 132 ;
          132 32 -18 -18 ;
          -18 -18 -6.66667 16 ;
          16 38.6667 77.3333 132 ;
          197 197 546 546 ;
          546 506 477.667 461 ;
          461 431.667 401 369 ;
          369 337 302 264 ;
          264 216 176.167 144.5 ;
          144.5 112.833 97 97 ;
          97 97 130.333 197 ;
];
end
