function [x, y] = c ()
x = [
          842 817.333 769 697 ;
          697 625 545.333 458 ;
          458 354 263.333 186 ;
          186 108.667 70 70 ;
          70 70 112.833 198.5 ;
          198.5 284.167 387 507 ;
          507 597 671 729 ;
          729 787 816 816 ;
          816 816 807.833 791.5 ;
          791.5 775.167 752.333 723 ;
          723 683.667 654 634 ;
          634 622.667 615.167 611.5 ;
          611.5 607.833 594.333 571 ;
          571 547.667 515.333 474 ;
          474 407.333 353.667 313 ;
          313 259 232 232 ;
          232 232 258.833 312.5 ;
          312.5 366.167 438.667 530 ;
          530 595.333 654 706 ;
          706 742.667 778.333 813 ;
          813 813 842 842 ;
];
y = [
          348 227.333 134.5 69.5 ;
          69.5 4.5 -28 -28 ;
          -28 -28 15.6667 103 ;
          103 190.333 308.333 457 ;
          457 601 718 808 ;
          808 898 943 943 ;
          943 943 919.167 871.5 ;
          871.5 823.833 774.333 723 ;
          723 697.667 677.167 661.5 ;
          661.5 645.833 638 638 ;
          638 638 650.667 676 ;
          676 690 716.667 756 ;
          756 795.333 825.333 846 ;
          846 866 876 876 ;
          876 876 851.333 802 ;
          802 736.667 650.333 543 ;
          543 433.667 337.167 253.5 ;
          253.5 169.833 128 128 ;
          128 128 150.333 195 ;
          195 225.667 281.333 362 ;
          362 362 348 348 ;
];
end
