function [x, y] = capD ()
x = [
          35 35 35 35 ;
          35 35 86 86 ;
          86 143.333 184 208 ;
          208 222.667 230 230 ;
          230 230 230 230 ;
          230 230 220.667 202 ;
          202 176 137.333 86 ;
          86 86 35 35 ;
          35 35 35 35 ;
          35 35 587 587 ;
          587 789.667 943.833 1049.5 ;
          1049.5 1155.17 1240.17 1304.5 ;
          1304.5 1368.83 1401 1401 ;
          1401 1401 1343.67 1229 ;
          1229 1100.33 904.333 641 ;
          641 641 35 35 ;
          422 506.667 577.667 635 ;
          635 789.667 918 1020 ;
          1020 1122 1173 1173 ;
          1173 1173 1122 1020 ;
          1020 918 787 627 ;
          627 567 498.667 422 ;
          422 422 422 422 ;
];
y = [
          0 0 37 37 ;
          37 37 37 37 ;
          37 37 55.3333 92 ;
          92 114 163.333 240 ;
          240 240 1116 1116 ;
          1116 1200.67 1253.67 1275 ;
          1275 1304.33 1319 1319 ;
          1319 1319 1319 1319 ;
          1319 1319 1356 1356 ;
          1356 1356 1356 1356 ;
          1356 1356 1333 1287 ;
          1287 1241 1164.33 1057 ;
          1057 949.667 825.667 685 ;
          685 496.333 338.667 212 ;
          212 70.6667 7.62939e-06 0 ;
          0 0 0 0 ;
          98 79.3333 70 70 ;
          70 70 124.333 233 ;
          233 341.667 489 675 ;
          675 862.333 1010 1118 ;
          1118 1226 1280 1280 ;
          1280 1280 1270.33 1251 ;
          1251 1251 98 98 ;
];
end
