function [x, y] = capM ()
x = [
          838 838 314 314 ;
          314 314 314 314 ;
          314 314 323 341 ;
          341 365.667 404.667 458 ;
          458 458 506 506 ;
          506 506 506 506 ;
          506 506 34 34 ;
          34 34 34 34 ;
          34 34 82 82 ;
          82 139.333 180 204 ;
          204 218.667 226 226 ;
          226 226 226 226 ;
          226 226 219.333 206 ;
          206 196.667 179.5 154.5 ;
          154.5 129.5 89.3333 34 ;
          34 34 34 34 ;
          34 34 418 418 ;
          418 418 910 910 ;
          910 910 1394 1394 ;
          1394 1394 1778 1778 ;
          1778 1778 1778 1778 ;
          1778 1778 1731 1731 ;
          1731 1673 1632 1608 ;
          1608 1593.33 1586 1586 ;
          1586 1586 1586 1586 ;
          1586 1586 1595.33 1614 ;
          1614 1638.67 1677.67 1731 ;
          1731 1731 1778 1778 ;
          1778 1778 1778 1778 ;
          1778 1778 1202 1202 ;
          1202 1202 1202 1202 ;
          1202 1202 1250 1250 ;
          1250 1308 1348.67 1372 ;
          1372 1386.67 1394 1394 ;
          1394 1394 1394 1394 ;
          1394 1394 871 871 ;
          871 871 838 838 ;
];
y = [
          0 0 1141 1141 ;
          1141 1141 235 235 ;
          235 151.667 99.6667 79 ;
          79 51 37 37 ;
          37 37 37 37 ;
          37 37 0 0 ;
          0 0 0 0 ;
          0 0 37 37 ;
          37 37 37 37 ;
          37 37 54.3333 89 ;
          89 110.333 159 235 ;
          235 235 1121 1121 ;
          1121 1181 1224.33 1251 ;
          1251 1270.33 1286.5 1299.5 ;
          1299.5 1312.5 1319 1319 ;
          1319 1319 1356 1356 ;
          1356 1356 1356 1356 ;
          1356 1356 295 295 ;
          295 295 1356 1356 ;
          1356 1356 1356 1356 ;
          1356 1356 1319 1319 ;
          1319 1319 1319 1319 ;
          1319 1319 1301.67 1267 ;
          1267 1245.67 1197 1121 ;
          1121 1121 235 235 ;
          235 151.667 99.6667 79 ;
          79 51 37 37 ;
          37 37 37 37 ;
          37 37 0 0 ;
          0 0 0 0 ;
          0 0 37 37 ;
          37 37 37 37 ;
          37 37 54.3333 89 ;
          89 110.333 159 235 ;
          235 235 1141 1141 ;
          1141 1141 0 0 ;
          0 0 0 0 ;
];
end
