function [x, y] = o ()
x = [
          512 650.667 762 846 ;
          846 917.333 953 953 ;
          953 953 933.333 894 ;
          894 854.667 800.5 731.5 ;
          731.5 662.5 585.667 501 ;
          501 363 253.333 172 ;
          172 103.333 69 69 ;
          69 69 89.8333 131.5 ;
          131.5 173.167 228 296 ;
          296 364 436 512 ;
          481 445.667 410.167 374.5 ;
          374.5 338.833 310 288 ;
          288 266 255 255 ;
          255 255 281.5 334.5 ;
          334.5 387.5 457.333 544 ;
          544 608.667 662 704 ;
          704 746 767 767 ;
          767 767 732 662 ;
          662 614.667 554.333 481 ;
];
y = [
          943 943 890.333 785 ;
          785 695 591.667 475 ;
          475 393 310 226 ;
          226 142 78.6667 36 ;
          36 -6.66667 -28 -28 ;
          -28 -28 27 137 ;
          137 229.667 333.667 449 ;
          449 533 616.5 699.5 ;
          699.5 782.5 843.833 883.5 ;
          883.5 923.167 943 943 ;
          878 878 867.5 846.5 ;
          846.5 825.5 788.667 736 ;
          736 683.333 615.667 533 ;
          533 399.667 284.667 188 ;
          188 91.3333 43 43 ;
          43 43 69.6667 123 ;
          123 176.333 268 398 ;
          398 560.667 688.667 782 ;
          782 846 878 878 ;
];
end
